17.2188
9.9167
8.6641
6.4750
6.1404
6.6646
3.5191
4.1250
2.4750
3.1748
2.7461
3.9677
2.2688
2.6250
2.6524
3.0618
2.4466
2.6451
2.5455
2.2048
1.7969
2.4263
2.3187
1.9870
1.7154
2.0136
1.9875
1.9937
1.4645
2.2344
1.5312
1.7224
1.7396
1.7396
1.9095
1.6676
1.6896
2.3719
1.6315
1.5388
1.6057
1.5833
2.1652
1.4167
1.6327
1.6302
1.2500
1.4387
1.6667
1.4896
1.3917
1.4739
1.3698
1.4052
1.1698
1.2905
1.4385
1.2344
1.4187
1.3003
1.3333
1.5208
1.3958
1.2448
1.3438
1.1667
1.2917
1.1458
1.3958
1.1982
1.2437
1.1875
1.2500
1.1667
1.0885
1.2500
1.4271
1.2247
1.3542
1.3931
1.2500
1.1667
1.2448
1.3125
1.1979
1.1250
1.3105
1.2500
1.2217
1.3125
1.1667
1.3896
1.0917
1.3521
1.1615
1.1302
1.0000
1.3951
1.4583
1.2448
1.0000
1.1744
1.3815
1.2312
1.1146
1.1875
1.1354
1.3125
1.1250
1.1458
1.1875
1.1250
1.2375
1.1875
1.4875
1.1458
1.2375
1.6562
1.1250
1.2500
1.0833
1.0885
1.2708
1.2083
1.2875
1.1250
1.1371
1.1479
1.1042
1.0000
1.1875
1.0000
1.2125
1.1042
1.1042
1.1458
1.1375
1.1146
1.2188
1.1146
1.1875
1.0833
1.1250
1.1875
1.0417
1.0833
1.0000
1.2062
1.1375
1.1875
1.1458
1.1042
1.0625
1.1615
1.0208
1.0000
1.0885
1.0000
1.0000
1.1667
1.0625
1.1518
1.0208
1.0469
1.0000
1.0312
1.0417
1.2500
1.0000
1.1042
1.0833
1.0625
1.0625
1.1000
1.1458
1.0625
1.1062
1.0000
1.1944
1.0625
1.0000
1.0000
1.1875
1.1208
1.1042
1.1458
1.0000
1.1667
1.0812
1.0469
1.1198
1.0000
1.1198
1.0000
1.1281
1.1250
1.0729
1.0625
1.0000
1.0000
1.0000
1.1031
1.0208
1.0625
1.1062
1.1042
1.3116
1.0625
1.0625
1.1062
1.1250
1.1250
1.2292
1.0000
1.0000
1.0208
1.1042
1.1396
1.0000
1.0833
1.1146
1.0781
1.0625
1.0688
1.0000
1.0833
1.1458
1.1667
1.1812
1.1812
1.0729
1.0208
1.1250
1.1375
1.1406
1.1875
1.0000
1.0208
1.0875
1.0833
1.0000
1.1125
1.0573
1.0562
1.0000
1.0469
1.2500
1.1250
1.1250
1.0417
1.0000
1.0312
1.0000
1.0000
1.1655
1.0000
1.0208
1.0417
1.0000
1.1000
1.1524
1.0000
1.0625
1.2083
1.0312
1.0562
1.1013
1.0000
1.0000
1.0625
1.1042
1.0000
1.0729
1.1750
1.0729
1.1875
1.1250
1.0000
1.0625
1.0417
1.0625
1.0833
1.1323
1.0000
1.0573
1.0813
1.2500
1.1250
1.0885
1.0990
1.0000
1.1146
1.0469
1.1281
1.0000
1.0833
1.0208
1.1000
1.0729
1.0625
1.0625
1.0833
1.1875
1.0625
1.0991
1.0000
1.0625
1.0000
1.0990
1.1042
1.0000
1.0000
1.0625
1.0833
1.0000
1.1312
1.0000
1.1250
1.0625
1.1875
1.0000
1.0000
1.0000
1.0833
1.0677
1.0469
1.0208
1.0885
1.0417
1.0000
1.0417
1.0000
1.0000
1.2917
1.0208
1.0000
1.0000
1.0000
1.0312
1.1250
1.0000
1.0729
1.0000
1.0000
1.0000
1.0625
1.0417
1.1458
1.0208
1.0000
1.0625
1.0833
1.0000
1.0875
1.0208
1.0625
1.0417
1.0000
1.0000
1.0000
1.1042
1.0000
1.0625
1.0000
1.0625
1.0625
1.0000
1.0000
1.1042
1.0000
1.0625
1.0625
1.0857
1.1042
1.0000
1.1875
1.0208
1.0000
1.0625
1.0000
1.0312
1.0417
1.0000
1.0437
1.0208
1.0000
1.0208
1.0000
1.0625
1.0000
1.0417
1.0469
1.0833
1.0417
1.0469
1.0000
1.0625
1.0000
1.0208
1.1042
1.1042
1.0000
1.0000
1.0208
1.0625
1.1042
1.0437
1.0000
1.0000
1.0208
1.0833
1.0469
1.0625
1.0833
1.0000
1.0573
1.0000
1.0208
1.0625
1.0208
1.0312
1.0750
1.0625
1.0469
1.0000
1.0312
1.0625
1.0833
1.0625
1.0000
1.0469
1.0677
1.0000
1.0208
1.0000
1.0625
1.0000
1.0562
1.0000
1.0000
1.0000
1.0000
1.0000
1.0729
1.0625
1.0437
1.0000
1.0000
1.0625
1.0625
1.1062
1.0000
1.0573
1.0208
1.0000
1.0625
1.0000
1.0208
1.0000
1.0000
1.0208
1.0000
1.0729
1.0000
1.0208
1.0000
1.0000
1.0573
1.0000
1.0000
1.0000
1.0917
1.0729
1.0000
1.0833
1.0000
1.0000
1.0469
1.0312
1.0750
1.0000
1.0000
1.0000
1.0000
1.0625
1.0000
1.0208
1.0625
1.0000
1.0625
1.0208
1.0208
1.0437
1.0625
1.0208
1.0000
1.0000
1.0208
1.0000
1.0000
1.0000
1.1042
1.0208
1.0208
1.0000
1.0625
1.0000
1.0625
1.0000
1.0000
1.0000
1.0625
