17.2188
10.7500
6.5698
4.9667
3.8056
3.0067
2.9242
3.4958
2.6381
2.5875
3.1326
1.9807
2.0044
2.0578
1.7887
2.0613
1.8240
1.6562
2.1250
1.6976
1.6437
1.9062
1.5000
2.0199
1.8802
1.2448
1.3917
1.3125
1.4560
1.2708
1.3125
1.6875
1.3687
1.5573
1.2708
1.3802
1.5729
1.2493
1.1042
1.5125
1.2188
1.2750
1.2208
1.3125
1.1875
1.2240
1.2708
1.2101
1.1375
1.2083
1.3052
1.1021
1.2083
1.1536
1.0833
1.1875
1.2688
1.0813
1.2083
1.3542
1.0625
1.1042
1.0000
1.1042
1.2435
1.1479
1.2292
1.0417
1.1458
1.1458
1.0833
1.0000
1.1250
1.0625
1.0625
1.2375
1.1562
1.0833
1.1250
1.1625
1.1458
1.1198
1.0729
1.0625
1.0781
1.1458
1.2542
1.0625
1.1042
1.1667
1.1042
1.0875
1.1062
1.1250
1.1042
1.1875
1.1281
1.0625
1.1062
1.0885
1.0625
1.0625
1.0885
1.0625
1.0771
1.1000
1.3125
1.1458
1.0625
1.0312
1.1042
1.1042
1.0625
1.1458
1.1198
1.1250
1.0000
1.0625
1.1667
1.0208
1.0833
1.0000
1.0208
1.0469
1.1042
1.0927
1.1042
1.0417
1.0990
1.0833
1.0000
1.0000
1.1042
1.0000
1.1094
1.0000
1.0000
1.0750
1.0208
1.0927
1.0000
1.0812
1.1042
1.1667
1.1094
1.0729
1.0875
1.0625
1.0625
1.1125
1.0562
1.0000
1.0625
1.1875
1.0625
1.0625
1.0885
1.1042
1.0437
1.0417
1.0312
1.1042
1.0625
1.0208
1.0000
1.1240
1.0750
1.0893
1.1062
1.0000
1.0750
1.0625
1.1250
1.0625
1.0417
1.0625
1.0885
1.0417
1.0833
1.0000
1.0208
1.1042
1.0000
1.0729
1.0000
1.0625
1.0625
1.0625
1.0417
1.0000
1.0000
1.1042
1.1042
1.0417
1.0417
1.0573
1.0562
1.0000
1.0729
1.1042
1.0625
1.0625
1.1198
1.0208
1.0312
1.0208
1.1042
1.0625
1.0833
1.0833
1.0643
1.0000
1.0562
1.0000
1.0208
1.0208
1.0781
1.0208
1.0417
1.0625
1.0000
1.0000
1.0625
1.0000
1.0000
1.0208
1.0625
1.0208
1.0000
1.0469
1.0417
1.0000
1.0625
1.0417
1.0625
1.0625
1.0417
1.0833
1.0312
1.0000
1.0833
1.0625
1.0000
1.0312
1.0000
1.0208
1.0417
1.0000
1.0208
1.0000
1.0000
1.0625
1.0000
1.0208
1.0417
1.0885
1.0469
1.0000
1.0000
1.1146
1.0000
1.0000
1.0729
1.0000
1.0625
1.0000
1.0000
1.0625
1.0000
1.0417
1.0625
1.0000
1.0000
1.0000
1.0729
1.0000
1.0417
1.0000
1.0000
1.2708
1.0000
1.0208
1.0208
1.0000
1.0000
1.0469
1.0000
1.0000
1.0312
1.0312
1.0000
1.0687
1.0000
1.0625
1.0000
1.0208
1.0625
1.0000
1.0208
1.0562
1.0000
1.0000
1.0208
1.0000
1.0625
1.0000
1.0625
1.0208
1.0562
1.0208
1.0000
1.0000
1.0000
1.0417
1.0833
1.0000
1.0208
1.0000
1.0469
1.0000
1.0000
1.0000
1.1146
1.0000
1.0000
1.0833
1.0000
1.0562
1.0469
1.0839
1.0000
1.0573
1.0625
1.0208
1.0208
1.0625
1.0000
1.0208
1.0208
1.0000
1.0687
1.0208
1.0000
1.0417
1.0000
1.0208
1.0469
1.0000
1.0000
1.0625
1.0208
1.0625
1.0000
1.0208
1.0000
1.0469
1.0000
1.0625
1.0625
1.0625
1.0573
1.0000
1.0000
1.0000
1.0312
1.0208
1.0000
1.0000
1.0000
1.0000
1.0000
1.0208
1.0208
1.0000
1.0208
1.0208
1.0000
1.0469
1.0000
1.0000
1.0312
1.0000
1.0000
1.0000
1.0000
1.0469
1.0000
1.0437
1.0417
1.0000
1.0208
1.0000
1.0000
1.0312
1.0000
1.1042
1.0000
1.0208
1.0000
1.0208
1.0729
1.0000
1.0625
1.0469
1.0000
1.0000
1.0000
1.0000
1.0000
1.0000
1.0312
1.0625
1.0469
1.0000
1.0000
1.0312
1.0625
1.0000
1.0000
1.0625
1.0000
1.0417
1.0437
1.0000
1.0208
1.0625
1.0000
1.0625
1.0000
1.0000
1.0312
1.0625
1.0000
1.0000
1.0417
1.0000
1.0625
1.0312
1.0208
1.0000
1.0000
1.0000
1.0833
1.0000
1.0312
1.0000
1.0208
1.0000
1.0208
1.0625
1.0000
1.0000
1.0000
1.0000
1.0000
1.0000
1.0625
1.0000
1.0000
1.0000
1.0208
1.0208
1.0000
1.1187
1.0000
1.0000
1.0000
1.0625
1.0208
1.0000
1.0000
1.0208
1.0000
1.0000
1.0000
1.0208
1.0000
1.0000
1.0000
1.0208
1.0000
1.0000
1.0469
1.0729
1.0000
1.0000
1.0000
1.0000
1.0000
1.0000
1.0000
1.0208
1.0208
1.0000
1.0000
1.0625
1.0000
1.0000
1.0312
1.0000
1.0000
1.0000
1.0000
1.0000
1.0000
1.0000
1.0208
1.0437
1.0000
1.0417
1.0208
1.0208
