32.4844
20.9896
17.0684
14.3000
9.3419
10.8685
6.2851
8.8966
5.0949
7.6374
4.5812
6.5449
4.3047
5.1566
4.9985
5.4363
5.5131
4.1512
3.7623
4.5438
4.1691
3.3938
3.1906
4.4994
3.1441
4.0793
3.3679
3.6433
3.4620
3.3915
2.8984
3.1002
3.1490
2.8978
2.9838
3.0988
2.5238
2.3688
2.7356
2.4803
2.4089
2.8504
2.8079
2.1370
2.3049
2.0165
2.0125
2.5526
3.3717
2.3556
2.1651
2.1232
2.0242
1.8849
1.6562
2.0587
1.7325
2.2616
2.3349
1.6146
2.2000
1.9975
1.5521
1.9960
1.7750
1.6979
1.5208
1.8353
1.7906
1.5104
1.6250
2.2197
1.8625
1.8251
2.0026
1.5786
1.5474
1.7135
1.6016
1.9121
1.6842
1.7594
2.2083
1.8250
1.4479
1.6609
1.5312
1.7002
1.6380
1.7573
1.5953
1.7485
1.4365
1.4441
1.6042
1.5594
1.5171
1.5193
1.4601
1.4484
1.4401
1.5718
1.3333
1.5063
1.5028
1.4115
1.3063
1.3620
1.5219
1.4896
1.3281
1.5333
1.5938
1.4656
1.3021
1.2839
1.3203
1.2969
1.4375
1.3542
1.2812
1.1562
1.2604
1.3063
1.3000
1.4844
1.2219
1.1562
1.2292
1.4458
1.6081
1.3750
1.6000
1.5006
1.2734
1.1963
1.3073
1.5156
1.4031
1.1875
1.2995
1.3745
1.3380
1.4917
1.5104
1.3125
1.2786
1.2188
1.3333
1.2656
1.3953
1.3880
1.3834
1.2420
1.2891
1.3281
1.3094
1.2500
1.3177
1.4818
1.3333
1.1875
1.2396
1.2969
1.2643
1.3659
1.2031
1.2161
1.3646
1.3807
1.3229
1.1953
1.2422
1.2917
1.2116
1.4479
1.2500
1.4423
1.3854
1.3922
1.1745
1.2500
1.1641
1.3307
1.1693
1.1750
1.2292
1.2031
1.1505
1.3250
1.1719
1.3828
1.2812
1.2630
1.1786
1.2344
1.2604
1.2057
1.1719
1.2188
1.1562
1.1562
1.2083
1.1530
1.1828
1.2708
1.4276
1.3344
1.1875
1.1562
1.2563
1.2500
1.2396
1.3021
1.1406
1.2188
1.1354
1.2266
1.2083
1.3333
1.1844
1.1875
1.2005
1.1250
1.2396
1.3062
1.2188
1.0938
1.2396
1.2656
1.1094
1.1745
1.3125
1.1281
1.2917
1.2396
1.2500
1.0469
1.2604
1.1995
1.1979
1.2656
1.1901
1.2604
1.2094
1.2083
1.1823
1.3073
1.1458
1.2500
1.1844
1.1250
1.1458
1.1479
1.0781
1.1068
1.1406
1.4594
1.2896
1.0938
1.2292
1.2531
1.0781
1.1562
1.1250
1.2531
1.1406
1.0625
1.0964
1.0938
1.0781
1.1510
1.2344
1.1458
1.1406
1.1875
1.1917
1.1146
1.1687
1.1042
1.1562
1.2031
1.1432
1.2292
1.2188
1.1667
1.1562
1.1250
1.1667
1.2151
1.2083
1.0729
1.1906
1.1667
1.0937
1.1250
1.0833
1.3724
1.0937
1.0781
1.1771
1.1354
1.1729
1.0625
1.1771
1.1500
1.2422
1.0938
1.1250
1.2031
1.1656
1.1797
1.3411
1.0469
1.0625
1.1667
1.1094
1.0833
1.2292
1.2187
1.1094
1.0833
1.0781
1.0469
1.0729
1.1458
1.1938
1.0938
1.0000
1.0781
1.1042
1.0937
1.2917
1.1094
1.1719
1.2080
1.2552
1.2969
1.2031
1.1719
1.1094
1.0781
1.0906
1.0729
1.1500
1.1250
1.0938
1.1406
1.1354
1.0000
1.1250
1.1094
1.0469
1.0469
1.0719
1.0469
1.2348
1.0781
1.1068
1.1068
1.1354
1.1406
1.0625
1.0781
1.0781
1.1094
1.0781
1.1562
1.0906
1.1302
1.0625
1.2031
1.1354
1.1378
1.0729
1.0833
1.0469
1.1562
1.1750
1.0781
1.1094
1.1125
1.1354
1.0469
1.1250
1.0000
1.0521
1.1719
1.0469
1.1354
1.0885
1.0938
1.1250
1.0469
1.0964
1.2031
1.1250
1.1354
1.1406
1.0469
1.0365
1.0833
1.1146
1.1094
1.1406
1.1458
1.0625
1.1406
1.1250
1.0312
1.0938
1.1094
1.0521
1.0729
1.0469
1.2969
1.0729
1.0938
1.0625
1.1250
1.1469
1.0990
1.0781
1.0000
1.1188
1.1146
1.0781
1.1667
1.1406
1.0729
1.1406
1.1875
1.0312
1.0885
1.0625
1.0312
1.1719
1.1146
1.0521
1.0938
1.0729
1.0312
1.0781
1.1594
1.0625
1.0469
1.1094
1.0781
1.1146
1.0719
1.0938
1.0938
1.0969
1.1016
1.0750
1.1094
1.1250
1.1458
1.0521
1.0750
1.0312
1.1042
1.0625
1.1062
1.1042
1.0937
1.1667
1.1302
1.0312
1.1276
1.0938
1.1384
1.0833
1.1120
1.0000
1.0990
1.0312
1.0312
1.1250
1.1333
1.0469
1.1146
1.0469
1.0729
1.1146
1.1042
1.0781
1.0443
1.0469
1.0833
1.0469
1.0781
1.1380
1.0312
1.1262
1.1250
1.0156
1.0911
1.1349
1.0312
1.0964
1.0312
1.0781
1.1354
1.0781
1.0521
1.0521
1.1771
1.0938
1.0469
1.0469
1.0469
