32.4844
21.4167
16.6232
10.5584
8.7798
6.5682
5.6366
6.3371
4.4669
4.1706
5.8131
4.5961
3.9181
3.6012
3.1738
3.7266
2.8937
2.8955
3.1306
2.6481
2.2473
2.6932
2.3818
2.2848
2.3181
2.6658
2.1010
2.3615
2.0909
2.0548
2.1414
2.0015
1.9937
1.8785
2.0748
1.7972
1.8826
1.8130
2.0270
1.7917
1.5628
1.9676
1.7807
1.5691
1.5370
1.7628
1.4896
1.4585
1.5831
1.5693
1.4645
1.5234
1.3958
1.4198
1.3646
1.4401
1.4969
1.3958
1.4219
1.4750
1.4583
1.4035
1.4062
1.3151
1.3333
1.6781
1.3342
1.3531
1.4469
1.3115
1.4062
1.4024
1.3149
1.3920
1.3813
1.3807
1.3568
1.2417
1.3065
1.4344
1.2077
1.3438
1.2292
1.2484
1.3613
1.2969
1.2923
1.3385
1.2937
1.3365
1.2357
1.1693
1.2406
1.2500
1.2292
1.1641
1.1875
1.3620
1.2594
1.1484
1.2188
1.2917
1.2292
1.1276
1.2188
1.2327
1.2812
1.3281
1.2500
1.2312
1.2010
1.1875
1.1927
1.2219
1.1875
1.1250
1.2298
1.2031
1.2604
1.2086
1.1406
1.2005
1.2188
1.3094
1.1641
1.1406
1.2021
1.2063
1.1562
1.1432
1.1667
1.1354
1.1687
1.1750
1.2083
1.2344
1.2813
1.1667
1.1458
1.1875
1.2708
1.1906
1.1094
1.1771
1.1562
1.1297
1.1875
1.2292
1.1795
1.1406
1.0938
1.2000
1.1250
1.1406
1.0469
1.2031
1.1562
1.1094
1.1406
1.1771
1.1406
1.2812
1.0849
1.1667
1.1354
1.1094
1.1750
1.1719
1.1276
1.0781
1.1500
1.1719
1.1250
1.1745
1.1219
1.1094
1.0938
1.1120
1.0469
1.1458
1.2031
1.1406
1.1458
1.0594
1.0833
1.2396
1.0469
1.1859
1.0938
1.1458
1.1198
1.1250
1.1458
1.1719
1.1432
1.1042
1.1146
1.1562
1.0521
1.1438
1.1042
1.2917
1.1146
1.0938
1.0521
1.1292
1.0938
1.1354
1.1125
1.1250
1.1094
1.0000
1.1354
1.0938
1.0938
1.0812
1.1042
1.0833
1.0547
1.0781
1.1489
1.0849
1.1042
1.1094
1.1875
1.0938
1.0729
1.0911
1.1979
1.0443
1.0833
1.0625
1.1188
1.1094
1.0625
1.0651
1.2396
1.0000
1.0729
1.0833
1.1250
1.0469
1.0156
1.0833
1.1042
1.0938
1.1031
1.0750
1.2031
1.1068
1.0521
1.1406
1.0703
1.1719
1.1094
1.0859
1.1406
1.0156
1.0625
1.1354
1.1458
1.1484
1.0807
1.0938
1.0875
1.1458
1.0469
1.0156
1.1562
1.1094
1.1094
1.0521
1.0781
1.0938
1.0625
1.0677
1.0469
1.1562
1.0625
1.0625
1.0990
1.0781
1.0729
1.1354
1.0911
1.0521
1.1198
1.1042
1.0469
1.0833
1.1146
1.0625
1.0781
1.1172
1.0625
1.1406
1.0833
1.0625
1.0729
1.0969
1.0729
1.0833
1.1562
1.0625
1.0156
1.0000
1.0729
1.0625
1.0938
1.0833
1.0156
1.0755
1.0625
1.0781
1.1406
1.0521
1.0469
1.0000
1.0781
1.1250
1.0469
1.0521
1.0417
1.0521
1.0521
1.1250
1.1250
1.0521
1.0938
1.0625
1.1042
1.0312
1.0521
1.0469
1.0781
1.0677
1.0417
1.0469
1.0156
1.0521
1.0469
1.0938
1.0964
1.0417
1.0312
1.0781
1.0833
1.0469
1.0312
1.0729
1.0781
1.0000
1.0469
1.0469
1.0625
1.0312
1.0521
1.0312
1.0625
1.0859
1.0208
1.0312
1.0938
1.0990
1.0000
1.0833
1.0729
1.1094
1.0938
1.0312
1.0521
1.0469
1.0833
1.0469
1.0651
1.0417
1.0625
1.1250
1.0208
1.0312
1.0469
1.0781
1.0625
1.0156
1.0469
1.0521
1.0000
1.0000
1.0807
1.0000
1.0885
1.0781
1.0469
1.0312
1.0937
1.0469
1.0521
1.0312
1.0521
1.0625
1.0807
1.0729
1.0312
1.0469
1.0469
1.0938
1.0625
1.0156
1.0000
1.0000
1.0417
1.0312
1.0625
1.0312
1.0625
1.1094
1.0469
1.0000
1.0312
1.0469
1.0312
1.0443
1.2161
1.0469
1.0625
1.0625
1.0000
1.0469
1.0625
1.0000
1.0156
1.0469
1.0391
1.0469
1.0312
1.0312
1.0469
1.0312
1.0000
1.0312
1.0208
1.1146
1.0469
1.0469
1.0156
1.0469
1.0000
1.0469
1.0312
1.0312
1.0833
1.0391
1.0729
1.0547
1.0000
1.0469
1.0469
1.0417
1.0599
1.0156
1.0729
1.0469
1.0469
1.0469
1.0521
1.0391
1.0000
1.0000
1.0938
1.0312
1.0469
1.0547
1.0547
1.0000
1.0469
1.0625
1.0156
1.0156
1.0000
1.0312
1.0208
1.0000
1.0312
1.0156
1.0156
1.0156
1.0000
1.0729
1.0729
1.0938
1.0443
1.0208
1.0469
1.0000
1.0000
1.0469
1.0781
1.0312
1.0391
1.0312
1.0312
1.0312
1.0156
1.0000
1.0417
1.0469
1.0000
1.1719
1.0521
1.0469
1.0417
1.0469
