64.4922
49.4271
29.0664
31.0452
16.2206
22.6552
14.5703
19.2717
12.3196
14.1816
11.1634
13.3036
10.2528
12.2390
8.2630
11.4158
9.7248
7.6867
7.9383
9.2268
6.5125
7.2725
7.6659
7.9419
6.6991
8.5530
7.8455
5.7965
7.2003
7.3269
4.9863
6.0517
6.0936
7.1168
4.7071
5.6445
5.8663
5.9133
5.8669
4.3860
4.9683
5.7392
4.8312
5.4447
5.6079
4.8508
4.8587
4.3882
3.5459
3.9292
4.8558
5.0700
4.7690
3.3191
4.4827
3.1964
4.2295
3.6496
3.8169
4.0838
3.5293
3.0164
3.4941
3.3187
2.8056
3.2178
2.9141
3.1567
3.3403
2.9308
3.2559
3.3325
3.1051
3.5420
2.9165
2.6338
3.1323
3.2899
2.7167
3.2520
3.1207
2.9861
2.4950
3.3132
2.5960
2.6446
2.4718
2.6511
2.6596
2.6143
2.6771
3.2241
2.4548
2.5261
2.4691
2.5139
2.6694
2.1696
2.1214
2.5598
2.3444
2.1870
2.3273
2.3241
2.4463
2.3117
2.4827
2.3081
2.5098
2.0140
1.8776
2.4744
2.1211
2.6472
1.8315
2.4264
2.4830
2.1067
2.0474
1.8300
2.2724
2.1015
2.0628
2.9127
1.7803
1.9905
2.2651
2.1078
2.2852
2.0046
1.8266
2.4804
1.8762
2.0063
2.0674
2.0576
1.8920
2.3221
2.2566
1.6828
1.6250
1.9683
1.8381
1.9164
1.9801
1.8448
1.9008
2.0188
1.9662
1.7443
2.3362
1.5591
1.5151
1.6882
2.0591
2.0068
1.8862
1.8270
1.7070
1.7141
2.0582
1.8482
1.7172
1.8377
1.7629
1.7904
1.6438
1.6286
1.6597
1.7695
1.7802
1.6796
1.5985
1.7488
1.6705
1.5344
1.7792
1.7688
1.5664
1.5898
1.4808
1.6031
1.6266
1.5469
1.4531
1.7115
1.6721
1.5158
1.5613
1.6898
1.9112
1.8326
1.4712
1.6240
1.6063
1.7390
1.6732
1.6177
1.5766
1.5833
1.5681
1.6841
1.7091
1.3906
1.7551
1.6289
1.5208
1.4698
1.5823
1.6281
1.5688
1.5586
1.5000
1.7706
1.5340
1.4466
1.5953
1.5747
1.7725
1.3958
1.7150
1.6672
1.5247
1.6099
1.5250
1.4176
1.4818
1.4219
1.4531
1.4792
1.5068
1.4440
1.4570
1.4883
1.4500
1.4997
1.3489
1.4518
1.4849
1.3594
1.3620
1.4958
1.6585
1.6679
1.5000
1.6128
1.3125
1.2969
1.4250
1.4523
1.4641
1.3960
1.2734
1.4391
1.3607
1.3385
1.3490
1.2813
1.4466
1.3346
1.3490
1.4047
1.4271
1.3906
1.3958
1.4714
1.2826
1.3242
1.4228
1.4667
1.3867
1.4484
1.3820
1.3153
1.3844
1.2589
1.2747
1.3980
1.3580
1.3688
1.2552
1.2708
1.3981
1.3424
1.3891
1.2669
1.4009
1.3620
1.3646
1.3750
1.3307
1.4427
1.4766
1.3089
1.3128
1.2865
1.4154
1.3802
1.4669
1.3203
1.4023
1.3594
1.3125
1.2500
1.3776
1.5022
1.2813
1.2799
1.3945
1.4325
1.3563
1.3438
1.2448
1.3156
1.2500
1.3451
1.2875
1.3802
1.3633
1.4180
1.2917
1.3707
1.3922
1.3078
1.3542
1.3203
1.2695
1.3505
1.2708
1.2344
1.2190
1.2813
1.1953
1.3815
1.2906
1.2422
1.3021
1.2812
1.3633
1.4243
1.2760
1.3125
1.3385
1.3438
1.1667
1.2266
1.2604
1.3411
1.2879
1.2292
1.3385
1.3333
1.3584
1.1823
1.2578
1.2188
1.4424
1.2109
1.3565
1.2500
1.4375
1.2398
1.1927
1.4125
1.2500
1.2760
1.2578
1.1898
1.2799
1.4506
1.3151
1.2969
1.2344
1.2656
1.2313
1.2031
1.1719
1.3036
1.2552
1.3188
1.2734
1.2188
1.2109
1.1875
1.1953
1.3565
1.2552
1.3021
1.1406
1.3073
1.3021
1.2396
1.3516
1.2357
1.2227
1.1719
1.2578
1.2156
1.2500
1.2187
1.2891
1.2266
1.1656
1.1870
1.1930
1.1146
1.2203
1.2656
1.2693
1.2109
1.1406
1.2703
1.2063
1.2708
1.1914
1.2297
1.2659
1.2828
1.2266
1.2760
1.2135
1.1823
1.1953
1.2061
1.1406
1.2297
1.2760
1.2500
1.1875
1.2135
1.1406
1.1406
1.2083
1.1823
1.2617
1.1719
1.1914
1.1979
1.2383
1.2005
1.2188
1.2240
1.2474
1.1250
1.2643
1.1250
1.1016
1.2552
1.2188
1.2396
1.1953
1.1875
1.2500
1.2109
1.1771
1.2031
1.1667
1.2106
1.1094
1.2843
1.1823
1.1250
1.2109
1.1367
1.2109
1.3060
1.1510
1.1484
1.1750
1.2891
1.1549
1.2591
1.1406
1.2188
1.1693
1.1016
1.1406
1.1771
1.1469
1.1615
1.2420
1.1719
1.2734
1.2109
1.1615
1.1891
1.2865
1.2917
1.1963
1.2188
1.1927
1.2109
1.1250
1.2609
1.1771
1.1042
1.1875
1.1094
1.2669
1.1146
1.3164
1.1797
1.3125
1.1458
1.1536
1.1406
1.3625
1.0938
1.1719
1.1797
1.2995
1.1875
