64.4922
44.2051
29.7012
20.8355
20.8885
18.0736
11.9767
9.5424
9.1182
8.0181
7.7062
9.9666
7.5287
6.5922
6.7469
7.2170
6.5817
5.2411
7.0142
6.0083
6.5535
4.2417
5.0499
5.1164
5.5135
4.2747
4.5320
4.2576
3.8564
4.7218
3.8445
3.9296
3.2249
3.5334
3.2585
3.6246
3.5045
3.1774
3.2798
2.8292
2.9534
3.4235
2.6827
2.7215
2.6400
2.5758
2.6848
2.7177
2.5470
2.6952
2.5310
2.6648
2.0908
2.1554
2.4049
2.3778
2.1525
2.1468
2.1713
2.0391
2.2484
2.1390
2.0032
1.9973
2.0537
1.9948
2.1939
2.0836
1.9762
2.2517
1.8899
1.8700
1.6339
1.7852
1.8333
1.8252
1.7738
1.8784
1.7867
1.7112
1.7248
1.6824
1.6617
1.7919
1.8239
1.7688
1.6187
1.6371
1.7008
1.6670
1.6128
1.9806
1.4125
1.5664
1.7429
1.7187
1.6655
1.7300
1.5526
1.6047
1.5703
1.5250
1.4308
1.6102
1.5524
1.5512
1.5875
1.6313
1.4919
1.4219
1.5039
1.5953
1.6302
1.6047
1.4375
1.4646
1.6254
1.5281
1.4125
1.4900
1.5375
1.3763
1.7193
1.3336
1.5333
1.4089
1.5811
1.4836
1.3981
1.3328
1.4234
1.3560
1.3725
1.3243
1.3889
1.3542
1.4174
1.3708
1.4094
1.3763
1.4287
1.5384
1.2865
1.5203
1.3541
1.3797
1.2812
1.4109
1.3906
1.2375
1.3490
1.3911
1.3406
1.3438
1.4038
1.2924
1.3646
1.2852
1.3010
1.4648
1.3031
1.2526
1.2531
1.4362
1.3307
1.3750
1.3581
1.3469
1.2669
1.3108
1.2704
1.4323
1.2083
1.2578
1.2513
1.4552
1.2578
1.2812
1.2500
1.3555
1.2341
1.3203
1.1734
1.2344
1.2888
1.2174
1.3438
1.2708
1.2708
1.1953
1.3073
1.2302
1.2581
1.3516
1.2188
1.3112
1.3333
1.3547
1.1786
1.2323
1.2563
1.2234
1.3164
1.2656
1.2617
1.2266
1.2109
1.2190
1.2036
1.3125
1.2302
1.2698
1.2516
1.2005
1.1781
1.2158
1.1750
1.1810
1.2813
1.1875
1.1850
1.2563
1.2461
1.3398
1.1979
1.2518
1.2956
1.1909
1.2135
1.3750
1.2682
1.1724
1.2357
1.2018
1.2227
1.1979
1.2760
1.2031
1.2234
1.2279
1.1615
1.2266
1.2089
1.2104
1.2604
1.1667
1.2943
1.1406
1.1927
1.1927
1.1250
1.1823
1.2422
1.1667
1.1563
1.1797
1.2005
1.2070
1.2078
1.2266
1.1354
1.2625
1.1641
1.1616
1.2552
1.1997
1.1628
1.2396
1.1719
1.1458
1.1719
1.1823
1.1810
1.1667
1.1797
1.2292
1.2070
1.1719
1.2323
1.1984
1.0833
1.1979
1.1875
1.1914
1.1562
1.1953
1.1849
1.1458
1.1596
1.2396
1.1615
1.1536
1.1706
1.1094
1.1875
1.1487
1.2156
1.1302
1.1263
1.1297
1.1953
1.1047
1.1406
1.1250
1.1133
1.1771
1.1656
1.1500
1.1211
1.1510
1.1510
1.1326
1.1745
1.1516
1.1693
1.1557
1.1797
1.1875
1.1354
1.0990
1.1250
1.1562
1.1510
1.0922
1.1497
1.1120
1.2552
1.1354
1.2448
1.1719
1.1471
1.1172
1.1641
1.1927
1.1667
1.1406
1.0677
1.1576
1.1578
1.1094
1.1458
1.1081
1.1393
1.1203
1.1328
1.1406
1.1849
1.1172
1.0938
1.1120
1.1172
1.1250
1.1490
1.1719
1.1302
1.1875
1.1315
1.1406
1.1560
1.1302
1.1094
1.1237
1.1146
1.1771
1.1094
1.1458
1.1875
1.0990
1.1063
1.0951
1.1510
1.1562
1.1081
1.1263
1.1224
1.0469
1.1328
1.1094
1.2109
1.1562
1.1094
1.1055
1.0690
1.1042
1.1354
1.1510
1.1172
1.0938
1.0833
1.1354
1.1797
1.0885
1.1219
1.0781
1.1719
1.1250
1.1094
1.1211
1.1484
1.1094
1.1354
1.1562
1.0924
1.0885
1.1016
1.1133
1.1094
1.1297
1.0677
1.0703
1.0703
1.1406
1.1602
1.1719
1.0781
1.1354
1.1562
1.1094
1.1000
1.0990
1.1385
1.0547
1.1479
1.0781
1.0990
1.0599
1.1797
1.0781
1.1273
1.1146
1.0885
1.0938
1.0677
1.0859
1.1562
1.1289
1.1172
1.1016
1.0846
1.1211
1.0938
1.1094
1.0990
1.0677
1.0833
1.0990
1.1484
1.1302
1.0938
1.0729
1.1458
1.0625
1.1003
1.0844
1.0547
1.0625
1.1250
1.0990
1.1042
1.1250
1.0859
1.0750
1.0781
1.0953
1.0813
1.0703
1.0677
1.1198
1.1094
1.0573
1.1016
1.0703
1.0469
1.1302
1.0664
1.0990
1.1042
1.0885
1.0781
1.1406
1.1042
1.0885
1.1146
1.1224
1.1198
1.0990
1.0547
1.0755
1.1250
1.0716
1.1016
1.0844
1.2031
1.1042
1.0781
1.1198
1.0990
1.1094
1.1719
1.0938
1.1297
1.1047
1.0898
1.0820
1.0885
1.0885
1.0742
1.0781
1.0898
1.0833
1.0625
1.0703
