9.0000
6.9792
3.3854
4.2500
2.2343
3.2500
2.4167
1.9479
2.0208
1.7375
1.4271
1.8500
1.2083
1.6667
1.3048
1.6107
1.4746
1.5625
1.2042
1.2500
1.2292
1.7083
1.6417
1.1625
1.5259
1.2500
1.3345
1.2563
1.1250
1.5479
1.4202
1.4420
1.1250
1.2500
1.0000
1.0000
1.2354
1.2250
1.2083
1.2500
1.1375
1.2000
1.5000
1.2500
1.1979
1.0000
1.1250
1.0000
1.0000
1.0833
1.2083
1.2202
1.0000
1.1250
1.0625
1.2625
1.1458
1.1250
1.1146
1.2701
1.0000
1.1667
1.0625
1.1250
1.3690
1.0000
1.1250
1.0000
1.1250
1.0625
1.0000
1.0000
1.1146
1.0000
1.2292
1.1250
1.1250
1.1250
1.0833
1.1751
1.0000
1.0312
1.1424
1.1250
1.2500
1.2063
1.0312
1.0000
1.1250
1.2357
1.0833
1.0000
1.1250
1.0000
1.0000
1.1940
1.0833
1.0000
1.0000
1.2083
1.0000
1.0000
1.0625
1.0000
1.1125
1.0000
1.0000
1.0000
1.1250
1.0000
1.0312
1.0312
1.2708
1.0000
1.0833
1.0312
1.1458
1.0000
1.0000
1.0000
1.1250
1.0000
1.0000
1.0000
1.0312
1.1250
1.0750
1.0000
1.0000
1.0312
1.2917
1.0000
1.0625
1.0000
1.0000
1.0625
1.0000
1.1250
1.0312
1.0000
1.0000
1.0875
1.0000
1.1667
1.0000
1.0312
1.0000
1.0312
1.0000
1.0000
1.0000
1.0312
1.0000
1.0312
1.0000
1.0000
1.3313
1.0875
1.0000
1.0312
1.1667
1.0625
1.0000
1.0000
1.0000
1.0000
1.1250
1.0000
1.0000
1.0000
1.0000
1.0000
1.0000
1.0000
1.0625
1.0000
1.0938
1.0000
1.0708
1.0000
1.0000
1.2500
1.0708
1.0833
1.0000
1.0312
1.0000
1.2708
1.0000
1.0000
1.0000
1.0312
1.0000
1.0000
1.0000
1.0312
1.0000
1.0000
1.0000
1.0000
1.0000
1.0833
1.0000
1.0000
1.0000
1.0000
1.0000
1.0000
1.0000
1.0000
1.0625
1.0000
1.0000
1.0000
1.0000
1.0000
1.0625
1.0000
1.0000
1.0000
1.0000
1.1250
1.0000
1.0000
1.0000
1.0000
1.0000
1.0000
1.0000
1.0000
1.0000
1.0000
1.0000
1.0000
1.0312
1.0000
1.0000
1.0000
1.0000
1.0312
1.2417
1.0000
1.0000
1.0000
1.1125
1.0833
1.0000
1.0000
1.0000
1.0000
1.0000
1.0000
1.0000
1.0000
1.1146
1.0000
1.0000
1.0000
1.0000
1.0000
1.0000
1.0625
1.0000
1.0929
1.0000
1.0000
1.0708
1.0000
1.0000
1.1146
1.1510
1.1250
1.0000
1.0000
1.0312
1.0000
1.0000
1.0000
1.0000
1.0917
1.0000
1.0000
1.0000
1.0000
1.0312
1.0750
1.0000
1.0000
1.0000
1.0000
1.0000
1.0312
1.0312
1.0312
1.0000
1.0000
1.0000
1.0000
1.0312
1.0000
1.0000
1.0312
1.0312
1.1250
1.0917
1.0312
1.0000
1.0000
1.0625
1.0000
1.0000
1.0000
1.0000
1.1979
1.0000
1.0000
1.0625
1.0312
1.0000
1.0000
1.0000
1.0000
1.0000
1.0000
1.0000
1.0625
1.0000
1.0000
1.0000
1.0000
1.0000
1.0000
1.0000
1.0000
1.0625
1.0000
1.0000
1.1250
1.0000
1.0625
1.0000
1.3750
1.0000
1.0000
1.0000
1.0000
1.0000
1.0000
1.0000
1.0000
1.0000
1.0000
1.0000
1.0000
1.0000
1.0000
1.0833
1.0000
1.0000
1.0708
1.0000
1.0000
1.0000
1.0000
1.0000
1.0833
1.0000
1.0000
1.0000
1.0000
1.0000
1.0000
1.0312
1.0000
1.0625
1.0000
1.0000
1.0000
1.0000
1.0625
1.0000
1.0000
1.0000
1.0312
1.0000
1.0875
1.0000
1.0000
1.0000
1.0833
1.0000
1.0000
1.0000
1.0875
1.0000
1.0000
1.0000
1.0312
1.0625
1.0000
1.0000
1.0000
1.0000
1.0000
1.0000
1.0000
1.0000
1.0000
1.0000
1.0312
1.0000
1.0750
1.0000
1.0312
1.0000
1.0000
1.0000
1.0000
1.0000
1.0000
1.0000
1.0000
1.0000
1.0000
1.0000
1.0000
1.0000
1.0000
1.0000
1.0000
1.0000
1.0000
1.0000
1.0000
1.0000
1.0000
1.0000
1.0000
1.0000
1.0000
1.0312
1.0000
1.0000
1.0000
1.0000
1.0000
1.0000
1.0625
1.0000
1.0312
1.0000
1.0000
1.0000
1.0312
1.0000
1.0000
1.0312
1.0000
1.0000
1.0000
1.0000
1.0000
1.0000
1.0000
1.0000
1.0000
1.0000
1.0000
1.0000
1.0000
1.0000
1.0312
1.0000
1.1250
1.0312
1.0312
1.0000
1.0312
1.0000
1.0312
1.0000
1.0000
1.0000
1.0312
1.0000
1.0000
1.0000
1.0000
1.0000
1.0000
1.0000
1.0000
1.0000
1.0000
1.0000
1.0000
1.0000
1.0312
1.0000
1.0000
1.0000
1.0312
1.0000
1.0000
1.0000
1.0000
1.0000
1.0000
1.0000
1.0000
1.0000
1.0000
