9.0000
4.9554
4.4250
2.8125
2.3813
2.1833
1.4812
1.7063
1.5777
1.5000
1.2417
1.5429
1.4179
1.2292
1.3163
1.3646
1.2083
1.2250
1.1625
1.1250
1.3333
1.2292
1.1524
1.1250
1.2569
1.1458
1.1250
1.1125
1.1000
1.1125
1.0875
1.1750
1.0625
1.1562
1.0833
1.0000
1.1979
1.1458
1.0000
1.1875
1.1667
1.0000
1.1250
1.1250
1.1250
1.0938
1.0625
1.0750
1.1354
1.1458
1.0312
1.0000
1.0938
1.1339
1.0312
1.1250
1.0000
1.1250
1.0000
1.1667
1.1250
1.1250
1.0000
1.0625
1.1250
1.0312
1.0625
1.0708
1.0000
1.0833
1.0000
1.2083
1.1250
1.0000
1.0000
1.0312
1.0000
1.1250
1.0000
1.1250
1.0750
1.0833
1.0000
1.0312
1.0750
1.0000
1.0625
1.0312
1.1458
1.0000
1.1250
1.1250
1.1125
1.0000
1.0000
1.0000
1.0000
1.0000
1.0625
1.1667
1.0000
1.0000
1.0833
1.0312
1.0000
1.0000
1.0000
1.0000
1.0917
1.0312
1.0625
1.0000
1.0000
1.0000
1.0312
1.0000
1.0000
1.0000
1.0000
1.0000
1.0000
1.0000
1.0000
1.0000
1.0000
1.0000
1.0625
1.0312
1.0000
1.0000
1.0833
1.0000
1.0000
1.0312
1.0000
1.0625
1.0000
1.0000
1.0000
1.0000
1.0312
1.0312
1.0625
1.0000
1.0000
1.0000
1.0833
1.0000
1.0000
1.0312
1.0000
1.0312
1.1375
1.0000
1.0000
1.0000
1.0000
1.0000
1.0000
1.0000
1.0000
1.0625
1.0000
1.0000
1.0000
1.0000
1.0625
1.0000
1.0312
1.0312
1.0000
1.0000
1.0312
1.0000
1.0312
1.0312
1.0625
1.0625
1.0000
1.0000
1.0312
1.0000
1.0625
1.0000
1.0625
1.0000
1.0000
1.0000
1.0000
1.0000
1.0000
1.0000
1.0000
1.0000
1.0000
1.0000
1.0000
1.0000
1.0000
1.0000
1.0312
1.0000
1.0000
1.0312
1.0000
1.0000
1.0000
1.0833
1.0708
1.0312
1.0000
1.0000
1.0000
1.0000
1.0000
1.0000
1.0000
1.0000
1.0000
1.0000
1.0000
1.0000
1.0000
1.0000
1.0625
1.0000
1.0000
1.0000
1.0000
1.0312
1.0000
1.0000
1.1250
1.0000
1.0000
1.0000
1.0000
1.0312
1.0000
1.0000
1.0000
1.0625
1.0000
1.0000
1.0000
1.1250
1.0000
1.0000
1.0000
1.0312
1.0625
1.0000
1.0312
1.0000
1.0000
1.0000
1.0000
1.0000
1.0000
1.0000
1.0000
1.0000
1.0000
1.0000
1.1250
1.0000
1.0000
1.0000
1.0000
1.0000
1.0000
1.0000
1.0000
1.0000
1.1250
1.0000
1.0000
1.0000
1.0000
1.0000
1.0000
1.0000
1.0000
1.1250
1.0000
1.0000
1.0000
1.0000
1.0000
1.0000
1.0000
1.0000
1.0000
1.0312
1.0312
1.0000
1.0000
1.0000
1.0000
1.0312
1.0000
1.0000
1.0000
1.0312
1.0000
1.0312
1.0000
1.0000
1.0000
1.0000
1.0000
1.0000
1.0000
1.0312
1.0000
1.0312
1.0000
1.0000
1.0000
1.0000
1.0000
1.0000
1.0000
1.0000
1.0000
1.0000
1.1250
1.0000
1.0312
1.0000
1.0000
1.0000
1.0000
1.0000
1.0000
1.0000
1.0312
1.0000
1.0000
1.0000
1.0000
1.0000
1.0000
1.0000
1.0000
1.0000
1.0000
1.0312
1.0000
1.0833
1.0000
1.0000
1.0000
1.0000
1.0625
1.0000
1.0000
1.0000
1.0000
1.0000
1.0000
1.0000
1.0000
1.0000
1.0000
1.0312
1.0000
1.0000
1.0000
1.0000
1.0000
1.0000
1.0000
1.0000
1.0000
1.0000
1.0000
1.0000
1.0000
1.0000
1.0000
1.0000
1.0000
1.0000
1.0000
1.0000
1.0000
1.0000
1.0000
1.0000
1.0000
1.0000
1.0312
1.0000
1.0000
1.0000
1.0000
1.0000
1.0000
1.0312
1.0000
1.0000
1.0000
1.0000
1.0625
1.0000
1.0000
1.0000
1.0000
1.0000
1.0000
1.0000
1.0000
1.0000
1.0000
1.0000
1.0000
1.0312
1.0000
1.0000
1.0000
1.0000
1.0000
1.0000
1.0000
1.0000
1.0312
1.0000
1.0000
1.0000
1.0000
1.0000
1.0312
1.0000
1.0000
1.0000
1.0000
1.0000
1.0000
1.0000
1.0312
1.0000
1.0000
1.0000
1.1250
1.0000
1.0000
1.0000
1.0000
1.0000
1.0000
1.0000
1.0000
1.0000
1.0000
1.0000
1.0000
1.0000
1.0000
1.0000
1.0000
1.0000
1.0000
1.0000
1.0000
1.0000
1.0000
1.0000
1.0000
1.0625
1.0000
1.0000
1.0000
1.0000
1.0000
1.0000
1.0000
1.0000
1.0000
1.0000
1.0000
1.0000
1.0000
1.0000
1.0000
1.0000
1.0625
1.0000
1.0000
1.0000
1.0000
1.0000
1.0000
1.0000
1.0000
1.0000
1.0000
1.0312
1.0000
1.0000
1.0000
1.0000
1.0000
1.0000
1.0000
1.0000
1.0000
1.0000
1.0000
1.0000
1.0312
1.0000
